Palette Indexed Picture
begin palette
256
0 0 0 0
0 0 65 255
0 0 66 255
0 1 66 255
0 1 67 255
0 1 68 255
0 2 68 255
0 2 69 255
0 3 70 255
0 3 72 255
0 4 72 255
0 4 73 255
0 5 74 255
0 5 75 255
0 6 75 255
0 6 77 255
0 7 77 255
0 6 78 255
0 7 78 255
0 7 80 255
0 8 80 255
0 9 81 255
0 9 82 255
0 8 83 255
0 9 83 255
0 10 83 255
0 9 86 255
0 11 87 255
0 12 86 255
0 10 91 255
0 13 88 255
0 12 90 255
0 13 91 255
0 14 90 255
0 11 92 255
0 11 95 255
0 15 92 255
0 15 93 255
0 16 94 255
0 10 96 255
0 13 96 255
0 15 96 255
0 12 98 255
0 12 99 255
0 13 99 255
0 11 103 255
0 12 103 255
0 11 105 255
0 11 106 255
1 11 111 255
0 15 111 255
0 18 99 255
0 18 100 255
0 16 102 255
0 19 103 255
0 16 105 255
0 19 104 255
0 18 106 255
0 19 107 255
0 20 107 255
0 19 108 255
2 9 112 255
1 11 115 255
0 13 113 255
0 14 114 255
0 14 115 255
3 9 116 255
1 11 117 255
2 9 118 255
2 10 119 255
0 15 122 255
5 11 124 255
0 17 113 255
0 21 112 255
0 20 113 255
0 17 119 255
0 20 117 255
0 17 123 255
0 19 122 255
0 19 123 255
0 20 120 255
0 18 124 255
0 18 127 255
3 10 128 255
5 11 128 255
1 12 128 255
0 14 129 255
0 15 130 255
1 12 132 255
1 13 132 255
0 15 134 255
6 12 133 255
7 15 135 255
5 10 138 255
0 13 136 255
0 14 137 255
0 13 139 255
7 11 140 255
5 10 143 255
0 13 140 255
1 12 141 255
0 13 141 255
0 16 132 255
0 16 133 255
8 17 138 255
0 10 146 255
0 10 147 255
7 10 144 255
7 11 144 255
1 9 149 255
0 10 148 255
3 10 148 255
6 9 151 255
1 7 156 255
1 6 157 255
2 6 157 255
1 6 159 255
1 8 153 255
2 8 155 255
5 9 152 255
10 9 159 255
10 18 145 255
12 22 156 255
12 25 153 255
6 6 162 255
3 4 164 255
5 2 170 255
6 3 171 255
6 2 172 255
8 4 170 255
11 5 171 255
12 7 171 255
8 2 174 255
9 3 175 255
13 6 174 255
15 10 172 255
14 24 169 255
9 2 176 255
11 1 181 255
13 0 186 255
16 13 180 255
16 2 185 255
16 0 190 255
20 8 189 255
15 22 177 255
16 18 181 255
17 37 171 255
19 44 175 255
21 1 194 255
22 4 194 255
21 0 196 255
23 0 198 255
22 0 199 255
23 0 199 255
22 6 196 255
24 0 202 255
25 15 204 255
29 3 209 255
31 0 211 255
30 13 215 255
26 26 213 255
35 1 218 255
35 3 218 255
36 1 218 255
37 3 222 255
38 2 222 255
32 9 216 255
21 49 192 255
22 55 206 255
24 40 216 255
23 51 213 255
44 3 230 255
39 12 230 255
45 4 233 255
47 7 238 255
43 15 238 255
32 28 229 255
36 23 233 255
47 12 241 255
45 15 241 255
49 12 244 255
47 27 251 255
48 23 249 255
30 50 237 255
38 34 243 255
33 47 243 255
44 34 251 255
39 41 249 255
40 41 251 255
40 46 253 255
27 71 202 255
33 94 222 255
30 95 239 255
29 75 240 255
30 65 251 255
28 79 249 255
27 75 253 255
27 75 254 255
28 73 254 255
32 64 254 255
20 96 255 255
24 102 253 255
17 110 255 255
15 122 255 255
19 113 254 255
29 113 251 255
33 103 234 255
38 112 226 255
17 141 255 255
27 140 254 255
22 149 255 255
35 142 251 255
44 145 241 255
43 155 248 255
26 166 255 255
38 172 254 255
35 179 255 255
52 181 250 255
49 189 253 255
46 196 254 255
0 0 0 0
0 0 0 0
0 0 0 0
0 0 0 0
0 0 0 0
0 0 0 0
0 0 0 0
0 0 0 0
0 0 0 0
0 0 0 0
0 0 0 0
0 0 0 0
0 0 0 0
0 0 0 0
0 0 0 0
0 0 0 0
0 0 0 0
0 0 0 0
0 0 0 0
0 0 0 0
0 0 0 0
0 0 0 0
0 0 0 0
0 0 0 0
0 0 0 0
0 0 0 0
0 0 0 0
0 0 0 0
0 0 0 0
0 0 0 0
0 0 0 0
0 0 0 0
0 0 0 0
0 0 0 0
0 0 0 0
0 0 0 0
end palette
begin indices
0 0 0 0 0 0 0 0 0 0 0 0 0 0 0 0 0 0 0 0 0 0 0 0 0 0 0 0 0 0 0 0 
0 0 0 0 0 0 0 0 0 0 0 0 0 0 0 0 0 0 0 0 0 0 0 0 0 0 0 0 0 0 0 0 
0 0 0 0 0 0 0 0 0 0 0 0 0 0 0 0 0 0 0 0 0 0 0 0 0 0 0 0 0 0 0 0 
0 0 0 0 0 0 0 0 0 0 0 0 0 47 39 39 29 20 220 0 0 0 0 0 0 0 0 0 0 0 0 0 
0 0 0 0 0 0 0 0 0 0 61 61 61 61 61 47 39 39 29 20 19 220 0 0 0 0 0 0 0 0 0 0 
0 0 0 0 0 0 0 0 0 70 83 83 93 105 105 93 83 61 47 29 20 9 220 0 0 0 0 0 0 0 0 0 
0 0 0 0 0 0 0 0 83 121 122 136 144 145 140 135 120 93 83 61 39 20 9 9 0 0 0 0 0 0 0 0 
0 0 0 0 0 0 0 104 123 146 167 168 170 169 160 156 143 131 112 83 61 39 20 9 9 0 0 0 0 0 0 0 
0 0 0 0 0 0 83 123 147 190 191 206 192 193 183 176 159 154 134 119 83 61 39 20 9 9 0 0 0 0 0 0 
0 0 0 0 0 70 121 146 190 207 212 213 211 205 195 185 177 166 149 130 111 83 47 39 20 9 220 0 0 0 0 0 
0 0 0 0 61 83 122 167 191 212 217 218 215 209 201 194 184 172 157 141 124 100 70 55 29 9 1 220 0 0 0 0 
0 0 0 0 61 83 136 168 206 213 218 219 216 210 204 196 187 175 162 148 129 109 87 72 39 20 9 1 0 0 0 0 
0 0 0 0 61 93 144 170 192 211 215 216 214 208 202 197 188 179 164 151 133 118 94 75 51 20 9 1 0 0 0 0 
0 0 0 47 61 105 145 169 193 205 209 210 208 203 200 199 186 178 165 153 137 115 96 77 57 29 9 1 220 0 0 0 
0 0 0 39 61 105 140 160 183 195 201 204 202 200 198 189 182 174 163 150 132 114 99 81 60 29 20 1 1 0 0 0 
0 0 0 39 47 93 135 156 176 185 194 196 197 199 189 181 180 171 158 142 127 117 95 78 58 29 20 1 1 0 0 0 
0 0 0 29 39 83 120 143 159 177 184 187 188 186 182 180 173 161 152 138 125 110 103 76 56 29 9 1 1 0 0 0 
0 0 0 20 39 61 93 131 154 166 172 175 179 178 174 171 161 155 139 126 113 101 82 74 51 20 9 1 1 0 0 0 
0 0 0 220 29 47 83 112 134 149 157 162 164 165 163 158 152 139 128 116 105 102 80 59 38 20 9 1 220 0 0 0 
0 0 0 0 20 29 61 83 119 130 141 148 151 153 150 142 138 126 116 106 90 79 73 52 29 9 1 1 0 0 0 0 
0 0 0 0 19 20 39 61 83 111 124 129 133 137 132 127 125 113 105 90 79 74 54 29 20 9 1 1 0 0 0 0 
0 0 0 0 220 9 20 39 61 83 100 109 118 115 114 117 110 101 102 79 74 54 29 20 9 1 1 220 0 0 0 0 
0 0 0 0 0 220 9 20 39 47 70 87 94 96 99 95 103 82 80 73 54 29 20 9 1 1 220 0 0 0 0 0 
0 0 0 0 0 0 9 9 20 39 55 72 75 77 81 78 76 74 59 52 29 20 9 1 1 1 0 0 0 0 0 0 
0 0 0 0 0 0 0 9 9 20 29 39 51 57 60 58 56 51 38 29 20 9 1 1 1 0 0 0 0 0 0 0 
0 0 0 0 0 0 0 0 9 9 9 20 20 29 29 29 29 20 20 9 9 1 1 1 0 0 0 0 0 0 0 0 
0 0 0 0 0 0 0 0 0 220 1 9 9 9 20 20 9 9 9 1 1 1 220 0 0 0 0 0 0 0 0 0 
0 0 0 0 0 0 0 0 0 0 220 1 1 1 1 1 1 1 1 1 1 220 0 0 0 0 0 0 0 0 0 0 
0 0 0 0 0 0 0 0 0 0 0 0 0 220 1 1 1 1 220 0 0 0 0 0 0 0 0 0 0 0 0 0 
0 0 0 0 0 0 0 0 0 0 0 0 0 0 0 0 0 0 0 0 0 0 0 0 0 0 0 0 0 0 0 0 
0 0 0 0 0 0 0 0 0 0 0 0 0 0 0 0 0 0 0 0 0 0 0 0 0 0 0 0 0 0 0 0 
0 0 0 0 0 0 0 0 0 0 0 0 0 0 0 0 0 0 0 0 0 0 0 0 0 0 0 0 0 0 0 0 
end indices
